R	2.07377695054964e-05	-0.000253667621151948	-0.00961284971825159	0.127433089384874	1.04408961443034
K	1.53169469417060e-05	-0.000190587228688274	-0.00669181866941813	0.113939260117581	2.10922667485137
D	4.67422333481661e-06	-0.000225936874260548	-0.00161596452594742	0.0453061519440160	1.41691918028021
E	-3.15362573698730e-06	-8.31821208278131e-05	0.000328805942742552	-0.00139680033084098	2.01628525600354
H	1.98765045456667e-05	0.000109632510589978	-0.0103147584626937	-0.0140712164152323	2.22117542563008
N	1.48599576467052e-05	0.000161625854649811	-0.00125547682051431	-0.0792106691624768	1.04454378612003
Q	2.46228183330115e-05	0.000310399058607406	-0.0154349270835266	-0.115216999046322	3.04278764764409
S	-1.61177917026576e-05	3.48256238768931e-06	0.00885883000816838	0.0127966846603922	-0.430395532411975
T	2.91450071863430e-05	-7.77468032256742e-05	-0.00870428715734539	0.0263351562656816	1.02953066614734
P	-5.22720742679130e-06	0.000177711438717939	0.000633092623784384	-0.0396144295124253	1.64261959834770
C	-1.78637448678029e-05	-0.000159299169772956	0.0103586421197397	0.0436649960445968	-0.581563939322066
G	3.63849101607805e-06	-0.000139000267509244	-0.00423961205855216	0.0136232039252051	1.61899295283222
A	0	0	0	0	0
V	-1.39869885249242e-05	-0.000250758064260550	0.00770346711315799	0.0363243768068642	-1.08730570067483
I	-4.17512390269245e-05	-7.55946348657627e-05	0.0202622560406187	0.0446373774258669	-2.15118266970114
L	-4.16556751043794e-05	0.000120061501532403	0.0193937748891448	-0.0585929265140519	-2.77266262436104
M	-3.90508162796007e-05	-0.000117145605563736	0.0174842015116073	0.00500346470459724	-1.57423835780358
F	-4.90474735334354e-05	2.83540312012573e-05	0.0223197444612688	0.0401169537630059	-2.31062141842695
Y	9.10596328974239e-06	0.000157409509027332	-0.00302438124623273	-0.0484337804834467	0.760794060212259
W	-3.65247977580131e-05	-4.82934359830804e-05	0.0171847826736066	-0.0328016795068197	-1.23420709544858