R	2.22E-05	-0.000353076	-0.008817096	0.144814461	0.907238382
K	7.16E-06	-0.000206581	-0.00216293	0.116220591	1.594129897
D	1.37E-05	-0.0003822	-0.002889527	0.065736635	1.418201205
E	-1.07E-05	-9.87E-05	0.004048253	0.001844516	1.682882852
H	2.77E-05	-1.49E-05	-0.012416835	0.020688566	2.159491697
N	2.79E-05	1.69E-05	-0.004820536	-0.049825541	1.095332824
Q	1.90E-05	0.000219395	-0.01229201	-0.084996958	2.636245379
S	-1.09E-05	3.80E-05	0.007211206	-0.00571859	-0.396301088
T	1.81E-05	-9.62E-06	-0.005104751	0.01191143	0.896763496
P	2.23E-06	0.000102843	-0.001492714	-0.025683416	1.712504513
C	-2.98E-06	-0.000354605	0.007718696	0.062670011	-0.521280347
G	1.78E-06	-0.00017786	-0.003317124	0.027430031	1.511433229
A	0	0	0	0	0
V	-1.69E-05	-0.000240687	0.009333796	0.024007274	-1.127393783
I	-3.32E-05	-0.000145531	0.018641662	0.043010537	-2.09839286
L	-3.61E-05	0.00011998	0.017746616	-0.068778584	-2.647632261
M	-2.71E-05	-0.000226685	0.014876601	0.011266971	-1.46435061
F	-2.12E-05	-0.000247967	0.015635547	0.073883834	-2.126084634
Y	3.19E-05	-0.000126097	-0.008416212	-0.004561155	0.914623435
W	-3.12E-05	-5.24E-05	0.015302697	-0.033829394	-1.147304168