R	2.22E-05	-0.000353076	-0.008817096	0.144814461	0.907238382
K	1.44E-05	-0.000226276	-0.005851331	0.122656563	1.992331548
D	9.91E-06	-0.000317633	-0.001452739	0.045284793	1.40901811
E	-9.33E-06	-0.000106623	0.003085005	0.011151917	1.944014685
H	2.04E-05	-5.55E-05	-0.008775296	0.033272132	1.79174184
N	5.17E-05	-7.32E-06	-0.016873487	-0.05386145	2.423364564
Q	3.45E-05	0.000326752	-0.018191644	-0.103859646	3.133142157
S	-1.47E-05	5.99E-06	0.008651252	0.006440388	-0.414893053
T	1.81E-05	-9.62E-06	-0.005104751	0.01191143	0.896763496
P	2.23E-06	0.000102843	-0.001492714	-0.025683416	1.712504513
C	-2.98E-06	-0.000354605	0.007718696	0.062670011	-0.521280347
G	1.18E-06	-0.000139875	-0.003327817	0.015185757	1.580776146
A	0	0	0	0	0
V	-1.48E-05	-0.000229407	0.008522261	0.019212398	-1.107453662
I	-3.32E-05	-0.000145531	0.018641662	0.043010537	-2.09839286
L	-3.61E-05	0.00011998	0.017746616	-0.068778584	-2.647632261
M	-2.63E-05	-0.0001861	0.014644578	0.00677965	-1.342781042
F	-2.12E-05	-0.000244735	0.015649181	0.073184066	-2.129424012
Y	1.90E-05	9.51E-05	-0.001723455	-0.048007876	0.746212511
W	-2.03E-05	-0.000348968	0.016116631	0.006625735	-1.39141354