R	5.98E-06	-0.000121568	-0.004426603	0.097806167	0.787666302
K	-4E-06	-0.000117502	1.55E-05	0.098115642	1.511773729
D	-2.92E-06	-0.000181709	0.002193116	0.036701312	1.540218444
E	-1.12E-06	5.46E-06	-0.000197658	-0.004399833	1.830651103
H	-3.71E-07	0.000211404	-0.003086389	-0.028855992	1.848962897
N	3.68E-06	-2.03E-05	-0.002404001	-0.012525168	1.277577661
Q	-2.07E-06	0.000129395	0.001740833	-0.024093717	0.971404228
S	-1.52E-06	8.92E-05	0.001173794	-0.01639046	0.092365656
T	1.44E-06	-1.92E-05	-0.001343931	0.027614963	0.825158329
P	-1.45E-06	7.09E-05	-0.001121142	-0.016442338	1.866535794
C	-1.16E-05	-0.000105983	0.008026061	0.000892334	-0.121763652
G	3.69E-06	1.04E-05	-0.004691233	0.002342918	1.577798722
A	0	0	0	0	0
V	-6.18E-06	-1.27E-05	0.002966166	-0.014176101	-0.59546301
I	-9.69E-06	-7.22E-05	0.006325572	0.020264499	-1.573192983
L	-1.78E-05	7.44E-05	0.008680688	-0.050763251	-1.923639858
M	-1.12E-05	7.76E-06	0.006434355	-0.028096925	-0.801428911
F	-1.54E-05	-0.000114055	0.011025181	0.03441842	-1.631895261
Y	-7.95E-06	0.000187006	0.00329264	-0.056769369	0.836778452
W	-6.54E-06	0.000120345	0.004940893	-0.048626177	-0.353866266
