R	1.70E-05	-0.000272206	-0.006743625	0.111719807	0.694188124
K	-1.57E-06	-0.000125393	0.002146989	0.078108378	0.774356617
D	1.06E-05	-0.000296161	-0.002234774	0.05104562	1.095104965
E	-1.61E-05	-6.33E-05	0.007137375	-0.003303187	0.866940462
H	1.82E-05	-3.56E-05	-0.007958149	0.023500777	1.495595528
N	1.54E-05	4.70E-05	-0.00158793	-0.039734805	0.649302837
Q	3.23E-06	0.000140733	-0.003893854	-0.05673556	1.486865928
S	-3.95E-06	6.64E-05	0.003904714	-0.018519679	-0.284796801
T	1.35E-05	8.87E-07	-0.003880368	0.008207123	0.692556583
P	9.31E-07	7.82E-05	-0.000773384	-0.019451214	1.288096179
C	-2.30E-06	-0.000274123	0.005966834	0.048446205	-0.402968729
G	2.07E-06	-0.000181539	-0.00255186	0.03540232	1.087986126
A	0	0	0	0	0
V	-1.31E-05	-0.00018606	0.007215365	0.018558499	-0.87151653
I	-2.57E-05	-0.000112501	0.014410685	0.033248714	-1.622134245
L	-2.79E-05	9.27E-05	0.013718782	-0.053168355	-2.046716342
M	-2.10E-05	-0.000175236	0.011500156	0.00870978	-1.131996452
F	-1.64E-05	-0.000191688	0.012086849	0.0571149	-1.643540998
Y	2.47E-05	-9.75E-05	-0.006506039	-0.003525939	0.707037287
W	-2.08E-05	-8.63E-05	0.010723313	-0.010341468	-0.906481162